257
   1.000000000000000   0.000170000000000
   0.991850000000000   0.001925000000000
   0.982170000000000   0.003916500000000
   0.972920000000000   0.005793200000000
   0.963450000000000   0.007665900000000
   0.953760000000000   0.009565000000000
   0.943850000000000   0.011483000000000
   0.933730000000000   0.013408000000000
   0.923390000000000   0.015327000000000
   0.912840000000000   0.017246000000000
   0.902080000000000   0.019175000000000
   0.891110000000000   0.021102000000000
   0.879950000000000   0.023027000000000
   0.868590000000000   0.024954000000000
   0.857040000000000   0.026874000000000
   0.845300000000000   0.028777000000000
   0.833390000000000   0.030671000000000
   0.821300000000000   0.032567000000000
   0.809050000000000   0.034434000000000
   0.796630000000000   0.036269000000000
   0.784070000000000   0.038081000000000
   0.771370000000000   0.039877000000000
   0.758530000000000   0.041627000000000
   0.745570000000000   0.043310000000000
   0.732490000000000   0.044968000000000
   0.719320000000000   0.046663000000000
   0.706050000000000   0.048220000000000
   0.692690000000000   0.049708000000000
   0.679270000000000   0.051226000000000
   0.665800000000000   0.052699000000000
   0.652270000000000   0.054066000000000
   0.638700000000000   0.055341000000000
   0.625100000000000   0.056561000000000
   0.611500000000000   0.057698000000000
   0.597890000000000   0.058731000000000
   0.584290000000000   0.059685000000000
   0.570720000000000   0.060556000000000
   0.557180000000000   0.061336000000000
   0.543690000000000   0.062019000000000
   0.530250000000000   0.062608000000000
   0.516890000000000   0.063103000000000
   0.503620000000000   0.063505000000000
   0.490430000000000   0.063824000000000
   0.477360000000000   0.064064000000000
   0.464390000000000   0.064230000000000
   0.451560000000000   0.064330000000000
   0.438860000000000   0.064350000000000
   0.426300000000000   0.064298000000000
   0.413900000000000   0.064193000000000
   0.401650000000000   0.064036000000000
   0.389580000000000   0.063829000000000
   0.377680000000000   0.063574000000000
   0.365960000000000   0.063263000000000
   0.354440000000000   0.062889000000000
   0.343100000000000   0.062475000000000
   0.331970000000000   0.062024000000000
   0.321030000000000   0.061536000000000
   0.310310000000000   0.061015000000000
   0.299790000000000   0.060467000000000
   0.289490000000000   0.059887000000000
   0.279410000000000   0.059278000000000
   0.269540000000000   0.058641000000000
   0.259890000000000   0.057967000000000
   0.250470000000000   0.057254000000000
   0.241270000000000   0.056508000000000
   0.232290000000000   0.055727000000000
   0.223530000000000   0.054926000000000
   0.214990000000000   0.054107000000000
   0.206680000000000   0.053284000000000
   0.198580000000000   0.052455000000000
   0.190690000000000   0.051618000000000
   0.183030000000000   0.050783000000000
   0.175570000000000   0.049938000000000
   0.168330000000000   0.049086000000000
   0.161290000000000   0.048234000000000
   0.154460000000000   0.047373000000000
   0.147840000000000   0.046499000000000
   0.141410000000000   0.045618000000000
   0.135190000000000   0.044724000000000
   0.129160000000000   0.043817000000000
   0.123320000000000   0.042908000000000
   0.117660000000000   0.042003000000000
   0.112190000000000   0.041103000000000
   0.106890000000000   0.040207000000000
   0.101770000000000   0.039299000000000
   0.096823000000000   0.038400000000000
   0.092042000000000   0.037498000000000
   0.087426000000000   0.036598000000000
   0.082967000000000   0.035703000000000
   0.078665000000000   0.034813000000000
   0.074514000000000   0.033922000000000
   0.070510000000000   0.033041000000000
   0.066649000000000   0.032165000000000
   0.062928000000000   0.031296000000000
   0.059341000000000   0.030438000000000
   0.055887000000000   0.029583000000000
   0.052561000000000   0.028733000000000
   0.049359000000000   0.027890000000000
   0.046278000000000   0.027055000000000
   0.043316000000000   0.026219000000000
   0.040470000000000   0.025383000000000
   0.037734000000000   0.024556000000000
   0.035103000000000   0.023741000000000
   0.032579000000000   0.022925000000000
   0.030158000000000   0.022106000000000
   0.027837000000000   0.021290000000000
   0.025611000000000   0.020478000000000
   0.023484000000000   0.019656000000000
   0.021450000000000   0.018828000000000
   0.019507000000000   0.017997000000000
   0.017652000000000   0.017164000000000
   0.015889000000000   0.016315000000000
   0.014216000000000   0.015455000000000
   0.012630000000000   0.014582000000000
   0.011131000000000   0.013696000000000
   0.009722100000000   0.012790000000000
   0.008407700000000   0.011859000000000
   0.007178400000000   0.010918000000000
   0.006024700000000   0.009977000000000
   0.004940600000000   0.009042700000000
   0.003928800000000   0.008110400000000
   0.003023400000000   0.007146600000000
   0.002232000000000   0.006153300000000
   0.001563500000000   0.005133200000000
   0.001015200000000   0.004097300000000
   0.000586730000000   0.003056100000000
   0.000280790000000   0.002018300000000
   0.000089804000000   0.000995960000000
   0                   0
   0.000119290000000  -0.000992860000000
   0.000313480000000  -0.002013400000000
   0.000595220000000  -0.003058300000000
   0.001014100000000  -0.004105200000000
   0.001544100000000  -0.005150500000000
   0.002185700000000  -0.006185600000000
   0.002957000000000  -0.007195300000000
   0.003884800000000  -0.008135900000000
   0.004892300000000  -0.009070400000000
   0.005988900000000  -0.009989300000000
   0.007167500000000  -0.010898000000000
   0.008414300000000  -0.011814000000000
   0.009747900000000  -0.012716000000000
   0.011172000000000  -0.013595000000000
   0.012673000000000  -0.014476000000000
   0.014275000000000  -0.015317000000000
   0.015955000000000  -0.016162000000000
   0.017721000000000  -0.017000000000000
   0.019579000000000  -0.017822000000000
   0.021519000000000  -0.018656000000000
   0.023554000000000  -0.019474000000000
   0.025676000000000  -0.020305000000000
   0.027893000000000  -0.021134000000000
   0.030212000000000  -0.021949000000000
   0.032628000000000  -0.022774000000000
   0.035154000000000  -0.023577000000000
   0.037780000000000  -0.024397000000000
   0.040515000000000  -0.025216000000000
   0.043361000000000  -0.026038000000000
   0.046319000000000  -0.026874000000000
   0.049402000000000  -0.027686000000000
   0.052603000000000  -0.028513000000000
   0.055931000000000  -0.029335000000000
   0.059390000000000  -0.030151000000000
   0.062979000000000  -0.030976000000000
   0.066708000000000  -0.031787000000000
   0.070573000000000  -0.032615000000000
   0.074580000000000  -0.033452000000000
   0.078736000000000  -0.034285000000000
   0.083041000000000  -0.035128000000000
   0.087502000000000  -0.035965000000000
   0.092123000000000  -0.036803000000000
   0.096905000000000  -0.037646000000000
   0.101860000000000  -0.038468000000000
   0.106980000000000  -0.039302000000000
   0.112280000000000  -0.040139000000000
   0.117750000000000  -0.040958000000000
   0.123410000000000  -0.041781000000000
   0.129250000000000  -0.042594000000000
   0.135280000000000  -0.043410000000000
   0.141510000000000  -0.044233000000000
   0.147930000000000  -0.045023000000000
   0.154550000000000  -0.045813000000000
   0.161380000000000  -0.046605000000000
   0.168410000000000  -0.047366000000000
   0.175640000000000  -0.048128000000000
   0.183090000000000  -0.048885000000000
   0.190750000000000  -0.049626000000000
   0.198630000000000  -0.050363000000000
   0.206720000000000  -0.051082000000000
   0.215030000000000  -0.051770000000000
   0.223560000000000  -0.052450000000000
   0.232310000000000  -0.053114000000000
   0.241280000000000  -0.053748000000000
   0.250470000000000  -0.054365000000000
   0.259880000000000  -0.054937000000000
   0.269510000000000  -0.055464000000000
   0.279370000000000  -0.055966000000000
   0.289430000000000  -0.056415000000000
   0.299720000000000  -0.056813000000000
   0.310220000000000  -0.057173000000000
   0.320930000000000  -0.057444000000000
   0.331840000000000  -0.057636000000000
   0.342960000000000  -0.057768000000000
   0.354270000000000  -0.057782000000000
   0.365780000000000  -0.057694000000000
   0.377470000000000  -0.057519000000000
   0.389340000000000  -0.057178000000000
   0.401380000000000  -0.056720000000000
   0.413580000000000  -0.056153000000000
   0.425930000000000  -0.055424000000000
   0.438430000000000  -0.054577000000000
   0.451070000000000  -0.053625000000000
   0.463830000000000  -0.052537000000000
   0.476700000000000  -0.051318000000000
   0.489690000000000  -0.050007000000000
   0.502770000000000  -0.048608000000000
   0.515940000000000  -0.047099000000000
   0.529180000000000  -0.045501000000000
   0.542490000000000  -0.043834000000000
   0.555860000000000  -0.042102000000000
   0.569280000000000  -0.040312000000000
   0.582720000000000  -0.038467000000000
   0.596200000000000  -0.036621000000000
   0.609700000000000  -0.034775000000000
   0.623190000000000  -0.032904000000000
   0.636670000000000  -0.030922000000000
   0.650130000000000  -0.028949000000000
   0.663570000000000  -0.026999000000000
   0.676960000000000  -0.025076000000000
   0.690310000000000  -0.023166000000000
   0.703590000000000  -0.021289000000000
   0.716810000000000  -0.019446000000000
   0.729940000000000  -0.017643000000000
   0.742990000000000  -0.015888000000000
   0.755930000000000  -0.014184000000000
   0.768760000000000  -0.012534000000000
   0.781480000000000  -0.010965000000000
   0.794070000000000  -0.009483900000000
   0.806520000000000  -0.008070900000000
   0.818830000000000  -0.006733600000000
   0.830980000000000  -0.005479300000000
   0.842980000000000  -0.004291300000000
   0.854810000000000  -0.003238500000000
   0.866470000000000  -0.002255900000000
   0.877940000000000  -0.001349800000000
   0.889240000000000  -0.000587180000000
   0.900340000000000   0.000107120000000
   0.911250000000000   0.000647020000000
   0.921960000000000   0.001089100000000
   0.932460000000000   0.001429400000000
   0.942760000000000   0.001585100000000
   0.952850000000000   0.001677400000000
   0.962720000000000   0.001566200000000
   0.972370000000000   0.001392400000000
   0.981800000000000   0.001066900000000
   0.991010000000000   0.000645660000000
   1.000000000000000   0.000170000000000
